loc_latitude: 30.301507
loc_longitude: -97.698620
http_password: 1234
darksky_api: 1234
ifttt_api: 1234
octoprint_api: 1234
pushbullet_api: 1234
